0011110000001111010101101101111000111010000001001111111001000111
0101000111000101110111101001010110101111001101011010000110011011
1111101101110000000101110110001101010000101111111000111100110111
0101011011011011111010100011111000111111011111001010011100011111
0110111001100000100010111001010010010100000010100010111001111110
0100001000000111011010010100010111010110000100111100110100000010
1001001010010110110101000001001100001110010010100000101011001011
1010000101011001011001001101110110110001100000101101100111001100
1011100011011110000101010100001010111111111001011100110011010100
0110111111010010001100110010011010101000000010001010010000000000
0010100000001011100100000101101000011010011000101111111110110110
1110011111101110011011010111010111110001100111101110101110111101
1100001101010111000101101000110001111100000110101010110011000110
0100011111100010100000110101111000100111011000010010001011000110
0110000111011101000010100110110000000011011100100111010111101101
0101111110111010010000101011110111111001000100100010001100010001
1101010101110011101110001111111011111111001110010011000101101000
0111011010001111110001011111010011110001011101010001011110110100
1110010011101111111000100011100011111010101111100010111011010110
1101101000100010010111100110100110110111100001100110111001011010
0100001011001111011110101111010101000101010000001101011110010110
1111001100111001010010101111101101100000001001000001010000010111
1110101000000100011000100000010001111000111001000000011110010100
0110000000100110010001000100001010001010011010000011101000101001
1101000110111000101001111011000011100110001010110001110111101101
0000000010111001000000011101000111000100001001110000001100111101
1101111000001011000111010011001011001101110110011101010110100110
0110010101110000100100111101100001001011101100010100100001001100
1111000011001010111000110110111111110101011101111110111100000101
1110100000110010111010100011010000100101101010011010100101000111
0001000111101110101001110011000011100100110110111011011111001010
1100001000100011010000111001111010010001000101101100100011011100
0110010011101111001011111001001101000101000001110010000011011111
0100111101001010100110010000001111011011101101111101101010011010
0111100101110101001000010010111011101101000001010100000100100101
1010010101110111001011111100000111101110100011010101011101010010
0100111100000111010111110100100100111111101001010110111010000001
1101010000011110110001110100000010011000010010100000000110010100
1110110011110000001111111110001111011000011111111000101111001011
0110110010011010101001000111010001110001100111001100101000001110
1111010010011110110110001100110111111000101101000001001011110100
0001001100111101000010111011010101110110100101011101001101101110
1111011101111010011111111001100010111110010100001101000101100111
0010011101101100111111010011101100110101110101011001100000111000
1011100101011000001111100010010010110100010111101000101010101100
1111100010010010010001011100011100001000000100100000101011010110
0001001011001101100010010011011110001011010010010101010100111001
1100011101000001101101010010000111100110100000111100010010000001
0001011001010001001100000111110110000111111010101110100010110001
1101101110110110001001001100100010011101110011000101011011011111
0010001110110111100111100011001100110101011000100111110100000001
0000101011101000110010111100100110001110000001110111110111110000
1011000101110111011011111011011001011011011000100101001110101001
1100000101000100101100110110001100010010000111000010101000000101
1000000011111010000000101000010000101011010011010111101110001011
1000001001010001100001100111110100010101010100110000100000000111
0110011001000000010000111011111011011110011101000011100111101011
0010110000010000000111100011101011010011000011110110111101101010
0010000100111111010001001010000111111001101100010011010110000100
0001011000111101010101100110000010001110011010010010010011000011
0011011000011101101101000001110111010010010101000100011101010111
1000100000010010001010101101111001010101100001111101110010110100
0110100010011110010101011001110011110010001011110001101011011001
1110110101110001110100110001010111010111001111001010101010010100
