100100001011000011011010000010010001010001100001101101100101000100001010011001101011011011011011000011010000001011000000011000010010011000011000100001010001000100011010000011101101001000000010101010001100011101100101001000100010101010101011011101010100000001101011010101101011010011001011011100001001001001101001000011010001100100100000010011011101000101101100000101100001100011000010
010100000010000010101001001010100001011100010011000010001000001010001101100001000101011011001010010101001011001010000010010000001101011000100000001011100000101001010011001101001001011000011100100100001010101000010010001100000010010000000101000100000101001010101100010000101011011011100100011011000010001001011010101101101101101001100010001010001100101011101011010011010100000000010101
100100010011010001011011100011101001101101100001100011010001100001010011000010000000000000101001010100000000011100000010000000001001100100010010001011001101101101000001101100000000101001000000001100000010100101101101101001101001011100101000000011101100010101010100011100101100001001010011010011000000000011101100100000001010100100101100011001101001000011011100001101000001001011101011
001100000101101010011101000000001101011010011100001011010010010010000101001011101001100011100000011100001000001000010101001001100011100000100000100100011000011001001000001001011001101000011011101010011100100010001101101010000100011100101000100100001101011010101001101100010101011001000011011011100011101100011000101101010101001010001011011100000000010100001101100101101010000011010001
011100001011000101101101100001011010000011000101101010011001100100001000100010101000010000011100101101011001010101000010000010101011000001011101001001101100011001001000000010001001100101011000001001001010000011000011011001011001100100011011000010011010101000101100100001000010000001010100101100011000101010100001101000000011000100001000101100000100011101011000100000010010011100100101
101001001010010101101011011011010001010100000010010010100011000000010011010000011010010001001100001010000001100010100000001011001001000101101001100100011000100010000100101101101101101001000010100000001011100101000101001011001010100010101010001010001001011010011101100011000000101000010011011101001011011011000000001100100000000100101101101011001011001101011100000001010101000000010001
100101101010001011000101010100011100101101001101100100011000001001010010000000101010000101100001010011010101101001011101100010100101100101101100100101010011000010010100100010000000010100000101000000010101011001010100001100000000101101000010011001010101010010101001001010100010010101010101000101010100000010010100000101101000101100100100101100101000100001010100011100000011101010011101
001000001011100010010010100011101011000101010100101000001010100010100100100000101011011100010010011001000001000101010011000010001100000011010000101001010011011011010101100011011100010001011001011011011100010011101000001101100010001000101101010011010000101011001001001000000001101001101000000010100011011010011000100101010101100101100100100101101010001100001000001000010011000100101100
100000010001001000001000001000010000100011010001101010001001100101101100101001101011011010100100010101011011100100000100000010000011010001101100011101100101100100101100000010100010100010100010010100011010011000100011011000000000001100101000100010001101000001100011101001000001100000100011100000000001000010001001100100000001000101000100010011001010001010001100001001010010000011101001
100011101001011011101101000000011000101100000001001010001000000011101000101010000101011010010011000101010001101100101001001001001010011011100010100010000001011010101010011101001000101101101010100011101011011100011100000101010011101000000001100001101001001100100101001000100011101101100101011101000001101011100010001010101011011011010101011101011100101000000100001101100101001101010001
000010011011001010101100010011011000101000000001001010011011101000010011001000010011011101001000010101000100010011011100010011001101100010100000011101010101010011101011011100010101010000001100101001001001010101010000001001101100001010001010010010011011010101100010101100100100001000101011011101001000011011001010011010100011100101011001010010011101000000001000100010100100101001011101
001011001000000010000010010011000011100100011010010101011001000101001011101000100101011010011100100000000010001001001011000101011100000011011011000100101101000100001101000100101101001001100011010001101101001000101001010010000010000000101011000000011000100001101000010000000011010000000011101000100100000010011011100010100011101011000101001000100011101011010000011001001100100011100101
000100011000000101000011101001101101101001001011100010101100011010101001010100100001010000011010000010011010101001100011010010011011101001000100011100010010100000101100001001010010000000000000010101101000000000000100011000001101101000001010001001010010011001100001011000000100000101100011010001100010011011010101000000000001001000001011011011000010011010000100010001001011011000000001
100001001101000101001010101011100100000000100011101010000101000011000100001000100000011010010000010011000010001010010100101001101101101101101000011010001001011000000011101001000100101101001011001011001001001010100011000001001011100010000100010001100101000101101101011011100000101011011000000001100101000010100101101101100100101000011101000001001101010011100100101011011001100100100100
010011001001001100101001000100010101000010001010011100001011010000000001101100011001011100011101011100011011100101010010101000000001101101101011000011101011011000011001000011001001100101000100000010010100101010010100100000101001000001001100101000000000100001010001000010100011101010100001000000101011010011101000001011100101100001011100000101010010011001101100000000001001010101101001
011100010011101010100101100001011001101011000010101101010011010001001100100000101000000010101000100101000011001000010011011010101000010000010100000010011001010100100101000011000100100001001000010001001000001011101000011001010000001101001100011000101000100100101010101100101011100011001000101001000101010000011011101010001100010100100011011010000000001001011011000010001100000010011000
101011010010100100011100100001001100100100101010010010001010000000000000011100101001000100000011101001101101001010001011001001001001001011010010011011001001010100011001000010101011100010000010011011100011101010001001101011100101101010001011000001001001000010100001010001011101100011000011100011100101011100000101001000101100000100010011010100000001101101011100001010101001001010010010
010000011000001001100000100100011101000101011101011100001100000000100001010100011100101100000101100001100010011010101010101010101001101011000011000001010101100000001101101000011000100010010101100011010100010011101100100001100100010011100010101011101010010011001001001100010000001011000011010101100101101011010100001011011000001001011100101100011100100001011010010000001100100000010011
101100001001101011101000001100011000010100011100010101101010001011000101000001010010010101000010001001100101010101100001011011011001000001000101101100010100100010000100101001001010010001101000010101100100011011101011001100000001001000010001101100001000100000100000011011001001000101010101100010100001000000001001001000101001100100010100010011100010100000101001011100011101101010011011
001011010000010000100101000100100010100001011101010010000011011100100101000011100100010010011010100101010100000000101001011101000010000010010011100000010101101000000011011010010000001010000100101011101100001011000101000001001101000001011011000011100101011001100000100101010010101011011000001011010101000101011101010101100000101011010010000100101011011100011101100000000000010000011101
001011101100001011000010011101011101101000101101011010010011100100000001000000010000010100100001101100010000101000010000001011100101011010001101010001001001101010010000100001011010101001001100011000000001100001010100011011010011000000011100101101001000010101100010000001000001100010100000011001100101100101011100000010100011001101100001011010100100000000001100001001010011011010100011
000000001001010100010101010000011101001010011001001011001011010011010010000000010001001100010101010100001010101101001101000101101000000001010011100101001010001001100011011101010010100101101100101000000101101100101011101100001010100100100000100001101001100001000011000101011000000100001010101101010010101011011101001101100011000000010000011010100101001100011100010001101011010101011101
010101010011100000101101001001000000010001100011001011010010100010011001010100101101100010101000101000001011010010011000010011001010101010011101010100000010001011010010101010000000100000000010000011001001101011000010000100001100010100000101011001011100101001001000011001001101100000100000100001011010001101011001100000100001010010001101010101100011011001010101101001101000100010001100
001000011001001000011011000100101001101000001001100011101011010101010010101000100101011011000010011101101100000001100000000100101011000001000100010011010100000101001100010000000101101001011100010100101010010001100001101000010001010010011000001011001000101011001101001010000001101100101010101100101101010001000010100011100100001011011101010001010001010000001011101100001101011011010001
001010010101000101101011101011011011010000001100101101011101011000010011101010010001100101000100101100010010100101000100010001100001000011011010010010101010001000000100100011101011001101010011100100011100100001001001001100000011010000100011000101011100011101010011010100000100010001100101011011100001010011100001100101001100101011010101100010101011000101010000011100011011011010100010
101101010001000010100010100001001010101100010100100101001100100100010001100000000010101010010011101010100100101101001011010011011010011100011001001001100100001000000000010010011101000000001001100001101100011010000101101100010000001011010001011010010010100101000100011100011100010000000100100101101100100011001011101100000011001100011011000010000001011000001100011101001011010001001000
000011001101000010001010100011001101101001000000101000101001010001000101001101010100101010010010100011100000011100010011010001001010010011101011101011101010010100010011010100010010001000011010000100000001100000010101010011000101100101101101010101010101100001101101010101101101010011001001000000100000101010001010011001000100011100011100011011000010101001101000100000011000011001101001
100001100001101100101100000010010001000101101010100100011000010100001011001011000010000101000001001010011011101101011011010011000010001010011101010000101101010000010010101001000100101001010001101101101000100010101101001100100101101100010011001011000100101100010100101001010100010010010100000011000101000000010000001000001010001000011100000010000001001011011010001101101100000010010000
011000100011000010011000100000010001011101001100001000100001101010100101011100100101100101011000010001001000101001100100010001100001001000100001101010011100001100000001100100101100010001001101001010101010100100010011010010011010100100100101010101000011100011000001001011101011101000100011001100010100011001001010011001011011100011101100010000000001010100100011001011100100010100001000
001001001010011000000011101001001100011000101000000010101101011000000100011010101101101011001001100100000000101001010100000000001011100001100001001100100010000001101000000010000101010001000000000101010100100000010011100000001011000101101100011011001010010101011100011010100000100100000101001101001011010000011101100011011011100010000011010100000000101101010100100101010100101000000010
010001010000100000100100000010011001011001010011011100000011010001010011100100101000001101011001010100000100010101001011001101011100010100000100101010001101010101101010101001000001101000011101001011011100010101011011101001101001011000100100010000100000010100010010011010001010010100000010010011011101011001001000001001011011010011000001100011000011101011010010011011000010101010000011
100000010100100001011001001010001000101001101011011001001011011101011101101101100101101101011101000100101010010101011010001101001010010000010011101010011100101100001100000100100101010010010001000100100000000000001000001011011010001001101011101001101100001000010100001101101001001100010011010011100010001100001100100010010001001010010010001011101011010101011101010001100100000010011000
