001000011000101001010000010011011100000000010000100010101010010010010001000000100000000101010100000011000101001000000001000000011011010100011100000101010101011000100010000000011010101000101010100000010101011010101101101011100011000101100011001100101000011001001101101100010001101101011101001000001100100000001010101000011100000001101000100101101000001000100100000010011101011011000101
010011101101000100001100000100001011101010010011011000000000001000011000001100000001010001100010100000001010010010001011011011011100011011101101010000100010101001100010010010011001010001001010101100010001001010011010011101100011001010010001100100001101001010011000000101101100101100011001101000101010101011000100100010001100011101011000011011010100011100010010010000101001101000010011
100001101010101001101100001100010011101001100001000001100010001001100010010101101010101101101000000000000100101001001101100011101100010001000010101001010011001100010011010010000101011100101011001011010010101100100000000001011100000001000100000101010010001101000010001001011101100100101000011010000100000101011011001000000000011011000011010000100010101101101010101101001101100011000101
010000100000100010011010101101101101101000001000100010010001011101000000011011011100000000100011001100000011001010001000010100100100010100100001010000101001101000100101001101001010011010010000100011010101000010001011100011101101011010011001000000010000000001010010000011000010011001000100100010101000000010101100001101000001000010000101000101101101100001101100100011011010001001010000
101101001101001000001010000011011000101010000011010010010001000001011001000000001000100100011000100011101001001010010010010101011100000100001010001000000010000100100010000100011000001101100101000000000101001010001010001101100011011101001100001101000101011011010101010000011000000100000010101010011001011010101011010101100101101100010100010100101101011100100101001100100000010010100001
100010010011010011000101100101101011011010011010100100101101100101100011010100000101101010000100011001101011001000000001100010001100010101010100000011010000011010011101101000101000101000101011101011011001011001000100100010001101011100100001001010101000100101100000001000010101010101000100100011100101010001001000000001001101010001100100100000000001100101000000100001011101100010011011
101100001101011011011101100101000010000010100010101000010000101000101011101001001011010000000000011000100101010100100100001100010001001010101010010101010101100000011001000000101001100000100011101011000100000101000010011011100011001100100001101100000011001010010011100100011101001011001011010100000000000101000001100101010011011001010010000100011101100101100000100100100101000000101101
101000101011000011000011101100001100000101011011100000001010101011001000011100100010001010011000001000100010010010000010011011001100000011010011010010000000011010100100011101000000101001000001001000001011000010000101101011100100101010001001101100010011011101100011011100001010101011100101011011100101000010011100011101101000101000100001101010000000010000100001101100001010000000100000
011100100100100000011001101011011000100101101100101011100001100101100011011000100101101100000101001011000001010101010000001011101011010010001100100011000101101000000000100000000001001100100010001010000100000100101101000000011011101001001001101101100100010010001011010000011100000001001001101100000101101100001100100101101100000100000001001011101100101000000001000000001101011011011100
100000101001010011011000011100100100101010100100100000101101000101101000000010011101000100000011100000100100101100010001001001010001011101001010101001101001101011101011000000101011100101000101010001011100011011100100011011011001101101011011010010011011000001100001000001100001000010011000011101011001000101000011000010100101011011100010011011101001001011100101000100010010001000011100
010001101100011010101101101000000001001000001100101101000101000001001001101100100001100100010001010001001010001010010000101011101101010010101010000011000100010001010001011011011000001000000001000000000100011001000100101001010100100101001101011100001010100010101100101001100100000101011101101010001011001011001011010011101000000011101011001101000100100011101011000011001100011100000000
011101000101010000010010001001010101010100001010011011010101011010000100101101001010001100101101000010101100100010000001010011101000100100000011000001100001000000001000011011100100011001000000001100001010101100011101010000010001101000101010100011101100010010001011011010100001000101010010101000000011100000000011101101100100101100100001011100011101011000010010100001101100000100100001
011100011001011100010010011101100011101010000001001001100000101000100011100101001001101011101101011100000000011011001010011000000000011000001011101010010100100101100000100101100000011010101010010000101001100010101100101000010000101000101011000011010011100001100000011101011101010001011011011011000001100011100001101011011101101100010101001001000010101100010000100001011010100000001100
001000000000001101100101100101000100001101000000001011100100000001001100010011100100001000011010101000101011011101011000011101001100010101100010101010001101000100011001100000000010010010000001010001100011000011000001011001000000000001101101001010001001101101100000100011011100010010101001001000101000101000001101011000010011011000000011001010100101100100011000001100001001101100101001
010000101101100101000001101011000100000100001010010101100001001010000101100101011011001000010101011001101011000010001001001000011010010011001010001001101101001001001100100011001011000011011101000010001001001000100000001000100101101011011010001100001101000100010100001011000101010100001010010100011010001001011001101100010100000010101100001001010100010101011001100001101000011100010011
010011101000101100011001011000000100010100010000100100000101000011101000100100101001011100100011101011001001100011001100000100010010101100001100010100011010011011011011011001011011100000011011011000101011011100101101011100100000101101100001011011001001011100101100100101001000000100101001011101010010100011011101000001011010000001100101010101000011000011000000010101010001100001001100
