0.70
0.62
0.68
0.88
0.68
0.72
0.75
0.67
0.64
0.64
0.62
0.58
0.73
0.68
0.72
0.73
0.77
0.70
0.78
0.68
0.59
0.65
0.63
0.69
0.68
0.74
0.62
0.57
0.72
0.64
0.75
0.61
0.77
0.59
0.69
0.73
0.63
0.69
0.80
0.77
0.63
0.66
0.70
0.57
0.66
0.72
0.71
0.71
0.67
0.64
0.61
0.74
0.70
0.64
0.69
0.67
0.60
0.66
0.67
0.67
0.71
0.54
0.67
0.81
0.73
0.71
0.72
0.66
0.74
0.60
0.70
0.68
0.73
0.77
0.66
0.61
0.78
0.64
0.75
0.64
0.64
0.68
0.65
0.75
0.64
0.66
0.68
0.73
0.68
0.68
0.65
0.77
0.73
0.73
0.72
0.57
0.70
0.65
0.61
0.77
0.60
0.56
0.74
0.63
0.71
0.73
0.70
0.62
0.62
0.70
0.69
0.62
0.68
0.68
0.72
0.68
0.69
0.64
0.61
0.77
0.61
0.57
0.69
0.71
0.66
0.67
0.69
0.58
