010011011000011001100100001100001010001010010000010001100000101100101101011011011011011101001011000000011001000010011000000011000011010010000011010011100000001010001100010000000001101101011000101100101011100001010101011101010101010100000001011101001000100010101011011001011010011101101010001101001001001001100011000100100100001010011000100101101000101011011010010000011100001100101000
001101010000010000100010011010100011001100010001101001010001000001010000010001011011101000001100010000010001011001101010000100000011101001000010011010001101000100011001100011000011001001101001010010000101010001100100101000000010010000100001100101010001101000100000100100011011011101000010010011001001010000011011010100001101101101101101011101011101100001010001101010000000100010011010
011011001010011010100100001100101101001101011100011010001100001010011100001101000000000000010000010000100011000000100010010010100100001001000000001000101101101001011001000000001101000000100101101101101100010000100001000101100011001101001101100010101010100101011000011010001001100101100011100101011000000000011010100101100100010001000100100011011000001101001011011101011001001000101001
101011010101101000100001100011010011101001000000101000010010010010011001000100011100001101011001101010000001000001100011000100000100011100001001000001001011000011100100011011000101001011001001101001010100100011010101000101100011100000010101001101010011101001100100011000001011101010100101000011100101011100011011011001010001101010101101101001100010000000100011001010011000010101101100
101101101000011001100011101000011000010011001100000001100100001011010101100011000010000101010100010000101010001011101101101011001000011101010000000001001011100101001001000011101100001001010000011000011000010001001001011011100100001011001011100101000101010011010000100010001000010000001100001100010101000011100101000001100000011000000101000011101011100000100101101100100011010010000100
011101101010010001001101010000100010001010011011011010000000011100010010100001001010010011000010000100010100001000010001001101101000001001011001100000010100000011100100010000001101101101101101101000101100011001000100010101010100010001011001101011010011001001010001011010000101000000011100000000011011011001101011101101100000000100100001100011101001011001011101001010000000101010001000
101000011001010101101100101001101101100011100010010010001001000011100100001100101000010101000000101011001101101010011010100101101100101100010100100010010000011010101100101000100010000000010100100010001011101010000000010000101101000000100001001101010010101010001011101010101010010100010001100010010000100010101000100100100101000101101000100010001100000101100101101011010101011000100011
010010010100011001000001100010101000011101011100100100010100010001000101010010100011011101000100011010101000001000001011000010011000100001010000101010011011011010001101001011001010100011011100000101011010100011011011101101000001010100101001001001011101000010011010000101001101001000000001000011010011011100010000100100101100101010101100000001100001010101101100100101100000011010000001
000001000001001010000100001010011100000010000001100101101100001001010101100100010011011101001101100000100100011011101010100101001010011000010000100101100100101100101011010100010100010100010000011100000011010011100010000101100001000000000011011100001000101001010100011100000100001000001101001001010000001000000100100000101000001000100100100001010001010001011010001101011000010010001001
101101011011001101011100001000100101000011000000000101011000000001010001011010010011101000010101001101100101001010101000010100011011010001001001010101010011001000010100010101101101000001101011100011100011011101011100001000000101011010101000101100100001001101001100101100101101011100000001010100011101001000101011101010011011011101010001100000000101100011101011001010101001101100101001
100101010001011011010000001000000101000011011010011010000101011011010001000001101011011010000001100011011010100000101010000100010100101001011010011101011010101010101011100001000010101010100011000010101010001001001101010001010001100101001001010100101010011011010010011101000001100100100101010001011011000001101011001011101100011100010011000001000000101011010010101011001101100100010100
010000010000000001011001010011100100011000011010011001101000001011101010100011010011101100000101011001001001010000000100011011011000100011101000101001100000101101100000011100001001101101100000001101000001101101001010011101000000010000010010000101001100000011000000011000000010011000000010011011010000100100000101101000011101011100010100000010011101011100000001101100011100100001001011
011000101000000011100000011001001101101101001101001101010011100101010100010011000010001100100010011100001101010011010000100000001101011011010010100101000100010010100011000000000000010010001001100000000000000101101010010001000101101001000011001100001011010010001001011100101000100000000011101010011011010100001010011001000001001000000000100000010011010000011011001000000011011001001010
010001101000101001001100011100000000100100011101100000011000101000010101000010010011000100000001100010010001010000011010000101101101101101001101011000000011001001010011011001101101100000001101011100010001001001011001100000010100011001001000101101101000101100001010000011011101000100011011101100010000101100001000101011000101100100101101100100011010101001001000100100100100001011011101
001101100001001001011010010001010000101010100000001000000010011001100011101011100011001011100101010010101100011011100011011101101101001000000101001011000011011101011000100000101100001001011000100010010101100010010000100001001000001101000100001010001100000000000101001100010101011100010000000101011010011101000000100011001100101100011001100101001011010010101000001101101010001001000000
101100010101011010100011010000011101001011001100100001001010011010101101000101010000000101000100011010000001011000101100100010000010000101010011101100100010001011010000000001001100100000011000000101011001000001001010100001101001000010001011010101100100000101000011000001011100011101100101011011000010101000001101011100100010100001010101011011001001000000010011000011010000100001010000
100011100100010010011101010101100100100001001100000000000000010001010010011000100000001101100011011001010001101101001101010010011001001001001001001011100010001001011011010000010100011101010000001001010101011100011011011001010101101100011101001100010000001001001000011000011100101011001010101000100011101100011100011010100000100101000001100011101101001000100010010010010001001101010001
000100001001000011000010101011101000101011100100001100000000100001100011101000100101100011100010010101010011010100001100011000011101001101010101101001000100101010001000101010010100000011000101100101011010100010011100010100011010100100001100001001011010010101011101011000011001000010100001100010011101101100101010100011001001000011011001010011001100100011100101011010000100100001000010
000101011101001001100101100011100010000011100001101000011001010101101010010000101010010010001000001100101010101100001001101000001000001011011011100000010100100010100101000101001010010001001101011101011011100100101010001010000001001000100001000100000100000001100101101010101000001001011011001001000000001100010100100010100100001101000001001101000100010100011010011011010101101011100011
101100000010000010011001101011001100010100100000101100100011011000010010010011010010100100011000001101000000100010101100011010010000010000101011011000000101101010000100100000010001000010010011101000011001100101011101011011001000101001001000000100001011101100011000000011011101010010101100101011101000101010011001010010011101000100101010101011100011011101100000101011000010000000000100
010000011001100101011001101101000101101011101011001000100100011010010011001100100010000010000000000010000101000010100101101001010011101100011001000010010101001001001010100001001101010011001100100010001100001000000011100011000000011010011011010100101010000001101101000100010100001000001000100011101100101100001011001100101001011100010000100001000000100100010011011100010011011010001001
101010100010001001000000001011010001101011000010010010011010011001011001101010100001001010000000101001101101010001100010011010001000000101101000011100001001010001101100100101101100010010101011011101100101101000000101000100100100010001100101011000001100001101001100010001100000000011101000101011011101010010101101000010000000011100101001100011100001101100010011101011101010011101001010
101101000100011010101010011100001010000000001001001011010100010010011001000101010100101101100010000011010010011001000101101011010101010001011010010010011001010000100010010000000100000000010101010000011101001001011000101000100010100001100000000001001101100011001011000100000100101001001011001011101001010011001100101001010010001100000100101010001011011100101010100001010100000101001101
011011000001001011000001001001000101001101100000010010101010011101011100010000011011101100000101000100001000100101101011100000001000011101100000100001101000100010011010100011001101101000000010001100001010010101100010000011010010001010000101101001011101000001011001010101100101001000010001010000001010101101100101101011011001100100011100011001000010001010001010001010011011101001100101
011101101000101010010001100001000010011011011101011010000011101011101101100000101100001010010101100000101100010010100101010011011000001100001010100000000001010101010010011010101001011101011100001001001100100011100100011100000010011000100001011010101011100011101000101100001010100000100010001100011010001100011011101010011101100001101100000010101000011101010100010100010011011011100011
010100010000001010101101100010100101010001001100001010100100100001101100011010010101010000000100011001101101100100010101001011100011010011011010000000000001100100001001001001000000101011010010101000010011100101001100001010011001000010100101100000101100010010010011100000000010100011100011011001011100100101101100011011100001011000100101100001000011001000010000000001001010011001101011
010001010000101001011000000000001101101001011100101000001010001101000101010010010101100010101001011010100011000100011100011101011010010001001010011010100010010101011101010011000001010010100010101010000100001000100000101101101100101000011010101101001100101010101010001001011010101101101010010001010101000100000000100011100011100000001011000101001101010000011011001101001011000011000100
100101100101001100001100010101101000001010010000011001100010000011100100001000101000010000011001011011101101011011010001101011010001010000011010010010000010101101000010001010001101100000001101101101010100000101101101011010100101101100100001100010100101100000011001100010010010100010001101000010000000101000011000100011000001010001000001010011011001001000010000000010010000100101101001
000011010000011100000011100001101011001010000100101100010101001100000001000011101100101100100011100100001101000001001010001100000001001100001010001000100001100011010101101001001010100101100100011010100100010101010001101100100100010011010010001000011100011000101010011100000101011101011001010001001011100010100001100101011100011011001011011100100010001000000010000001100010100100011001
011000000011010001001001000101000011100001001101100000000011101101010000001001011101101101010011100010001101000000100100001100001100011001000000000101001000010100100001000000001010101000010000011010000100100010101000100101101000011001000100100011101010010001011011101000100100000100010011101011000010011001101001011000010100011011011100100010101101000000100010010000000101100010101100
100100000100000010001010011010001011001011010000011010001010011000100011001011101001000101100100011001101010100000100010100000100010100011101001010101101010101001010101101011000101001000001101011011101010100011011001100100000011001101001101010010100010000100000010010000100010010001010011000001001011101011011010001000011010011011001001010010011101011000011100011000010101010000011011
001011001100100010000100011101001101000001010001101011101011011001001011101011101101101100101101010011101010010101100000011010000010010001101001100001100101100011010101001010010010101100100000000001000000000100100000011101001001010011011001100010000001100101001101011010100001001101101001100001100001010100011010010010010001001010010100101011101010011101011001000011010000100100001010
