100100001011000011011010100000010001001000001000101011010010100100011100001010010101000101101011
000010010001010001100001001000010000100011010001100001001100100100101010101011011011010000001100
101101100101000100001010101010001001100101101100010010001010000000000000101101011101011000010011
011001101011011011011011101001101011011010100100011100101001000100000011101010010001100101000100
000011010000001011000000010101011011100100000100101001101101001010001011101100010010100101000100
011000010010011000011000000010000011010001101100001001001001001011010010010001100001000011011010
100001010001000100011010011101100101100100101100011011001001010100011001010010101010001000000100
000011101101001000000010000010100010100010100010000010101011100010000010100011101011001101010011
101010001100011101100101010100011010011000100011011011100011101010001001100100011100100001001001
001000100010101010101011011000000000001100101000101011100101101010001011001100000011010000100011
011101010100000001101011100010001101000001100011000001001001000010100001000101011100011101010011
010101101011010011001011101001000001100000100011010001011101100011000011010100000100010001100101
011100001001001001101001100000000001000010001001100011100101011100000101011011100001010011100001
000011010001100100100000100100000001000101000100001000101100000100010011100101001100101011010101
010011011101000101101100010011001010001010001100010100000001101101011100100010101011000101010000
000101100001100011000010001001010010000011101001001010101001001010010010011100011011011010100010
010100000010000010101001100011101001011011101101010000011000001001100000101101010001000010100010
001010100001011100010011000000011000101100000001100100011101000101011101100001001010101100010100
000010001000001010001101001010001000000011101000011100001100000000100001100101001100100100010001
100001000101011011001010101010000101011010010011010100011100101100000101100000000010101010010011
010101001011001010000010000101010001101100101001100001100010011010101010101010100100101101001011
010000001101011000100000001001001010011011100010101010101001101011000011010011011010011100011001
001011100000101001010011100010000001011010101010000001010101100000001101001001100100001000000000
001101001001011000011100011101001000101101101010101000011000100010010101010010011101000000001001
100100001010101000010010100011101011011100011100100011010100010011101100100001101100011010000101
001100000010010000000101000101010011101000000001100001100100010011100010101100010000001011010001
000100000101001010101100100001101001001100100101101011101010010011001001011010010010100101000100
010000101011011011100100001000100011101101100101001100010000001011000011011100011100010000000100
011011000010001001011010011101000001101011100010010101100101101011010100100101101100100011001011
101101101101101001100010001010101011011011010101001011011000001001011100101100000011001100011011
001010001100101011101011011101011100101000000100101100011100100001011010000010000001011000001100
010011010100000000010101001101100101001101010001010000001100100000010011011101001011010001001000
100100010011010001011011000010011011001010101100101100001001101011101000000011001101000010001010
100011101001101101100001010011011000101000000001001100011000010100011100100011001101101001000000
100011010001100001010011001010011011101000010011010101101010001011000101101000101001010001000101
000010000000000000101001001000010011011101001000000001010010010101000010001101010100101010010010
010100000000011100000010010101000100010011011100001001100101010101100001100011100000011100010011
000000001001100100010010010011001101100010100000011011011001000001000101010001001010010011101011
001011001101101101000001011101010101010011101011101100010100100010000100101011101010010100010011
101100000000101001000000011100010101010000001100101001001010010001101000010100010010001000011010
001100000010100101101101101001001001010101010000010101100100011011101011000100000001100000010101
101001101001011100101000001001101100001010001010001100000001001000010001010011000101100101101101
000011101100010101010100010010011011010101100010101100001000100000100000010101010101100001101101
011100101100001001010011101100100100001000101011011011001001000101010101010101101101010011001001
010011000000000011101100011101001000011011001010100010100001000000001001000000100000101010001010
100000001010100100101100011010100011100101011001001000101001100100010100011001000100011100011100
011001101001000011011100010010011101000000001000010011100010100000101001011011000010101001101000
001101000001001011101011100010100100101001011101011100011101101010011011100000011000011001101001
001100000101101010011101001011001000000010000010001011010000010000100101100001100001101100101100
000000001101011010011100010011000011100100011010000100100010100001011101000010010001000101101010
001011010010010010000101010101011001000101001011010010000011011100100101100100011000010100001011
001011101001100011100000101000100101011010011100000011100100010010011010001011000010000101000001
011100001000001000010101100000000010001001001011100101010100000000101001001010011011101101011011
001001100011100000100000000101011100000011011011011101000010000010010011010011000010001010011101
100100011000011001001000000100101101000100001101100000010101101000000011010000101101010000010010
001001011001101000011011000100101101001001100011011010010000001010000100101001000100101001010001
101010011100100010001101010001101101001000101001101011101100001011000101101101101000100010101101
101010000100011100101000010010000010000000101011000001001101000001011011001100100101101100010011
100100001101011010101001000000011000100001101000000011100101011001100000001011000100101100010100
101100010101011001000011010000000011010000000011100101010010101011011000101001010100010010010100
011011100011101100011000101000100100000010011011001011010101000101011101000011000101000000010000
101101010101001010001011100010100011101011000101010101100000101011010010001000001010001000011100
011100000000010100001101001000100011101011010000000100101011011100011101000010000001001011011010
100101101010000011010001011001001100100011100101100000000000010000011101001101101100000010010000
011100001011000101101101000100011000000101000011001011101100001011000010011000100011000010011000
100001011010000011000101101001101101101001001011011101011101101000101101100000010001011101001100
101010011001100100001000100010101100011010101001011010010011100100000001001000100001101010100101
100010101000010000011100010100100001010000011010000000010000010100100001011100100101100101011000
101101011001010101000010000010011010101001100011101100010000101000010000010001001000101001100100
000010101011000001011101010010011011101001000100001011100101011010001101010001100001001000100001
001001101100011001001000011100010010100000101100010001001001101010010000101010011100001100000001
000010001001100101011000001001010010000000000000100001011010101001001100100100101100010001001101
001001001010000011000011010101101000000000000100011000000001100001010100001010101010100100010011
011001011001100100011011011000001101101000001010011011010011000000011100010010011010100100100101
000010011010101000101100001001010010011001100001101101001000010101100010010101000011100011000001
100001000010000001010100011000000100000101100011000001000001100010100000001011101011101000100011
101100011000101010100001010001100010011011010101011001100101100101011100001100010100011001001010
101000000011000100001000000000000001001000001011000010100011001101100001011001011011100011101100
101100000100011101011000011011000010011010000100011010100100000000001100010000000001010100100011
100000010010011100100101010001001011011000000001001001010011011010100011001011100100010100001000
101001001010010101101011100001001101000101001010000000001001010100010101001001001010011000000011
011011010001010100000010101011100100000000100011010000011101001010011001101001001100011000101000
010010100011000000010011101010000101000011000100001011001011010011010010000010101101011000000100
010000011010010001001100001000100000011010010000000000010001001100010101011010101101101011001001
001010000001100010100000010011000010001010010100010100001010101101001101100100000000101001010100
001011001001000101101001101001101101101101101000000101101000000001010011000000001011100001100001
100100011000100010000100011010001001011000000011100101001010001001100011001100100010000001101000
101101101101101001000010101001000100101101001011011101010010100101101100000010000101010001000000
100000001011100101000101001011001001001010100011101000000101101100101011000101010100100000010011
001011001010100010101010000001001011100010000100101100001010100100100000100000001011000101101100
001010001001011010011101010001100101000101101101100001101001100001000011011011001010010101011100
100011000000101000010011011011100000101011011000000101011000000100001010011010100000100100000101
011101001011011011000000000001100101000010100101101101010010101011011101001101001011010000011101
001100100000000100101101101101100100101000011101001101100011000000010000100011011011100010000011
101011001011001101011100000001001101010011100100011010100101001100011100010100000000101101010100
000001010101000000010001101011011001100100100100010001101011010101011101100101010100101000000010
100101101010001011000101010011001001001100101001010101010011100000101101010001010000100000100100
010100011100101101001101000100010101000010001010001001000000010001100011000010011001011001010011
100100011000001001010010011100001011010000000001001011010010100010011001011100000011010001010011
000000101010000101100001101100011001011100011101010100101101100010101000100100101000001101011001
010011010101101001011101011100011011100101010010101000001011010010011000010100000100010101001011
100010100101100101101100101000000001101101101011010011001010101010011101001101011100010100000100
100101010011000010010100000011101011011000011001010100000010001011010010101010001101010101101010
100010000000010100000101000011001001100101000100101010000000100000000010101001000001101000011101
000000010101011001010100000010010100101010010100000011001001101011000010001011011100010101011011
001100000000101101000010100000101001000001001100000100001100010100000101101001101001011000100100
011001010101010010101001101000000000100001010001011001011100101001001000010000100000010100010010
001010100010010101010101000010100011101010100001011001001101100000100000011010001010010100000010
000101010100000010010100000000101011010011101000100001011010001101011001010011011101011001001000
000101101000101100100100001011100101100001011100100000100001010010001101001001011011010011000001
101100101000100001010100000101010010011001101100010101100011011001010101100011000011101011010010
011100000011101010011101000000001001010101101001101001101000100010001100011011000010101010000011
001000001011100010010010011100010011101010100101001000011001001000011011100000010100100001011001
100011101011000101010100100001011001101011000010000100101001101000001001001010001000101001101011
101000001010100010100100101101010011010001001100100011101011010101010010011001001011011101011101
100000101011011100010010100000101000000010101000101000100101011011000010101101100101101101011101
011001000001000101010011100101000011001000010011011101101100000001100000000100101010010101011010
000010001100000011010000011010101000010000010100000100101011000001000100001101001010010000010011
101001010011011011010101000010011001010100100101010011010100000101001100101010011100101100001100
100011011100010001011001000011000100100001001000010000000101101001011100000100100101010010010001
011011011100010011101000010001001000001011101000010100101010010001100001000100100000000000001000
001101100010001000101101011001010000001101001100101000010001010010011000001011011010001001101011
010011010000101011001001011000101000100100101010001011001000101011001101101001101100001000010100
001000000001101001101000101100101011100011001000001010000001101100101010001101101001001100010011
000010100011011010011000101001000101010000011011101100101101010001000010010011100010001100001100
100101010101100101100100101010001100010100100011100011100100001011011101100010010001001010010010
100101101010001100001000011010000000001001011011010001010001010000001011001011101011010101011101
001000010011000100101100000010001100000010011000101100001101011011010001010001100100000010011000
