010011011000011001100100000001000001001010000100100011100100010010011101011101101000101010010001
001100001010001010010000001010011100000010000001010101100100100001001100100001000010011011011101
010001100000101100101101100101101100001001010101000000000000010001010010011010000011101011101101
011011011011011101001011100100010011011101001101011000100000001101100011100000101100001010010101
000000011001000010011000100000100100011011101010011001010001101101001101100000101100010010100101
000011000011010010000011100101001010011000010000010010011001001001001001010011011000001100001010
010011100000001010001100100101100100101100101011001011100010001001011011100000000001010101010010
010000000001101101011000010100010100010100010000010000010100011101010000011010101001011101011100
101100101011100001010101011100000011010011100010001001010101011100011011001001001100100011100100
011101010101010100000001000101100001000000000011011001010101101100011101011100000010011000100001
011101001000100010101011011100001000101001010100001100010000001001001000011010101011100011101000
011001011010011101101010011100000100001000001101011000011100101011001010101100001010100000100010
001101001001001001100011001001010000001000000100101000100011101100011100001100011010001100011011
000100100100001010011000100000101000001000100100011010100000100101000001101010011101100001101100
100101101000101011011010100001010001010001011010100011101101001000100010000010101000011101010100
010000011100001100101000001101011000010010001001010010010001001101010001010100010011011011100011
001101010000010000100010101101011011001101011100000100001001000011000010010100010000001010101101
011010100011001100010001001000100101000011000000101011101000101011100100100010100101010001001100
101001010001000001010000000101011000000001010001001100000000100001100011001010100100100001101100
010001011011101000001100011010010011101000010101101000100101100011100010011010010101010000000100
010000010001011001101010001101100101001010101000010101010011010100001100011001101101100100010101
000100000011101001000010010100011011010001001001011000011101001101010101001011100011010011011010
011010001101000100011001010101010011001000010100101001000100101010001000000000000001100100001001
100011000011001001101001010101101101000001101011101010010100000011000101001001000000101011010010
010010000101010001100100100011100011011101011100100101011010100010011100101000010011100101001100
101000000010010000100001001000000101011010101000010100011010100100001100001010011001000010100101
100101010001101000100000101100100001001101001100001001011010010101011101100000101100010010010011
100100011011011101000010101100101101011100000001011000011001000010100001100000000010100011100011
010011001001010000011011010100011101001000101011100010011101101100101010011001011100100101101100
010100001101101101101101101010011011011101010001100011001001000011011001011011100001011000100101
011101011101100001010001100000000101100011101011010011001100100011100101100001000011001000010000
101010000000100010011010001010101001101100101001011010000100100001000010000001001010011001101011
011011001010011010100100100101010001011011010000000101011101001001100101010001010000101001011000
001100101101001101011100001000000101000011011010100011100010000011100001000000001101101001011100
011010001100001010011100011010000101011011010001101000011001010101101010101000001010001101000101
001101000000000000010000000001101011011010000001010000101010010010001000010010010101100010101001
010000100011000000100010100011011010100000101010001100101010101100001001011010100011000100011100
010010100100001001000000000100010100101001011010101000001000001011011011011101011010010001001010
001000101101101001011001011101011010101010101011100000010100100010100101011010100010010101011101
000000001101000000100101100001000010101010100011000101001010010001001101010011000001010010100010
101101101100010000100001000010101010001001001101011101011011100100101010101010000100001000100000
000101100011001101001101010001010001100101001001001010000001001000100001101101101100101000011010
100010101010100101011000010100101010011011010010000100000100000001100101101101001100101010101010
011010001001100101100011011101000001100100100101101010101000001001011011001001011010101101101010
100101011000000000011010010001011011000001101011001001000000001100010100010001010101000100000000
100101100100010001000100001011101100011100010011100010100100001101000001100011100011100000001011
100011011000001101001011000001000000101011010010001101000100010100011010000101001101010000011011
011101011001001000101001101011001101100100010100011011010101101011100011001101001011000011000100
101011010101101000100001010000010000000001011001101100000010000010011001100101100101001100001100
100011010011101001000000010011100100011000011010101011001100010100100000010101101000001010010000
101000010010010010011001011001101000001011101010101100100011011000010010011001100010000011100100
000100011100001101011001100011010011101100000101010011010010100100011000001000101000010000011001
101010000001000001100011011001001001010000000100001101000000100010101100011011101101011011010001
000100000100011100001001011011011000100011101000011010010000010000101011101011010001010000011010
000001001011000011100100101001100000101101100000011000000101101010000100010010000010101101000010
011011000101001011001001011100001001101101100000100000010001000010010011001010001101100000001101
101001010100100011010101001101000001101101001010101000011001100101011101101101010100000101101101
000101100011100000010101011101000000010000010010011011001000101001001000011010100101101100100001
001101010011101001100100000101001100000011000000000100001011101100011000100010100101100000011001
011000001011101010100101011000000010011000000010000011011101010010101100100010010010100010001101
000011100101011100011011011011010000100100000101101011101000101010011001000010000000101000011000
011001010001101010101101101000011101011100010100010010011101000100101010100011000001010001000001
101001100010000000100011000010011101011100000001101011100011011101100000010011011001001000010000
001010011000010101101100101100011100100001001011101011000010000000000100000010010000100101101001
101101101000011001100011011000101000000011100000010000011001100101011001000011010000011100000011
101000011000010011001100011001001101101101001101101101000101101011101011100001101011001010000100
000001100100001011010101001101010011100101010100001000100100011010010011101100010101001100000001
100011000010000101010100010011000010001100100010001100100010000010000000000011101100101100100011
010000101010001011101101011100001101010011010000000010000101000010100101100100001101000001001010
101011001000011101010000100000001101011011010010101001010011101100011001001100000001001100001010
000001001011100101001001100101000100010010100011000010010101001001001010001000100001100011010101
000011101100001001010000000000000000010010001001100001001101010011001100101001001010100101100100
011000011000010001001001100000000000000101101010100010001100001000000011011010100100010101010001
011011100100001011001011010001000101101001000011100011000000011010011011101100100100010011010010
100101000101010011010000001100001011010010001001010100101010000001101101001000011100011000101010
100010001000010000001100011100101000100000000011000100010100001000001000011100000101011101011001
001100010101000011100101101010011011010100001010100011101100101100001011010001001011100010100001
000001100000011000000101011001000001001000000000001100101001011100010000100101011100011011001011
000011101011100000100101100000010011010000011011100001000000100100010011011100100010001000000010
101100100011010010000100001000000011011001001010011100010011011010001001000001100010100100011001
011101101010010001001101010001101000101001001100101010100010001001000000011000000011010001001001
010000100010001010011011011100000000100100011101001011010001101011000010000101000011100001001101
011010000000011100010010100000011000101000010101010010011010011001011001100000000011101101010000
100001001010010011000010000010010011000100000001101010100001001010000000001001011101101101010011
000100010100001000010001100010010001010000011010101001101101010001100010100010001101000000100100
001101101000001001011001000101101101101101001101011010001000000101101000001100001100011001000000
100000010100000011100100011000000011001001010011011100001001010001101100000101001000010100100001
010000001101101101101101011001101101100000001101100101101100010010101011000000001010101000010000
101000101100011001000100011100010001001001011001011101100101101000000101011010000100100010101000
010101010100010001011001100000010100011001001000000100100100010001100101100101101000011001000100
101011010011001001010001101101101000101100001010011000001100001101001100100011101010010001011011
011010000101000000011100000011011101000100011011010001100000000011101000101000100100000100010011
000000011011011001101011101100010000101100001000101011011101010010101101101011000010011001101001
101101100000000100100001101011000101100100101101000010000000011100101001011000010100011011011100
100011101001011001011101100100011010101001001000100011100001101100010011100010101101000000100010
001010000000101010001000100100100100001011011101101011101010011101001010010000000101100010101100
101000011001010101101100001101100001001001011010101101000100011010101010100100000100000010001010
101001101101100011100010010001010000101010100000011100001010000000001001011010001011001011010000
010010001001000011100100001000000010011001100011001011010100010010011001011010001010011000100011
001100101000010101000000101011100011001011100101000101010100101101100010001011101001000101100100
101011001101101010011010010010101100011011100011000011010010011001000101011001101010100000100010
100101101100101100010100011101101101001000000101101011010101010001011010100000100010100011101001
100010010000011010101100001011000011011101011000010010011001010000100010010101101010101001010101
101000100010000000010100100000101100001001011000010000000100000000010101101011000101001000001101
100010001011101010000000100010010101100010010000010000011101001001011000011011101010100011011001
010000101101000000100001100001001000001101000100101000100010100001100000100100000011001101001101
001101010010101010001011001010001100000000000101000001001101100011001011010010100010000100000010
101010101010010100010001001100010101011100010000000100000100101001001011010000100010010001010011
100010010000100010101000000101011010011101000000001011101001010011001100000001001011101011011010
100100100101000101101000100011001100101100011001101001010010001100000100001000011010011011001001
100010001100000101100101100101001011010010101000101010001011011100101010010010011101011000011100
101011010101011000100011001101101010001001000000100001010100000101001101011000010101010000011011
010010010100011001000001101100010101011010100011011011000001001011000001001011001100100010000100
100010101000011101011100010000011101001011001100001001000101001101100000011101001101000001010001
100100010100010001000101100001001010011010101101010010101010011101011100101011101011011001001011
010010100011011101000100000101010000000101000100010000011011101100000101101011101101101100101101
011010101000001000001011011010000001011000101100000100001000100101101011010011101010010101100000
000010011000100001010000100010000010000101010011100000001000011101100000011010000010010001101001
101010011011011010001101101100100010001011010000100001101000100010011010100001100101100011010101
001011001010100011011100000001001100100000011000100011001101101000000010001010010010101100100000
000101011010100011011011000101011001000001001010001100001010010101100010000001000000000100100000
101101000001010100101001100001101001000010001011000011010010001010000101011101001001010011011001
001001011101000010011010010101100100000101000011101001011101000001011001100010000001100101001101
000101001101001000000001000001011100011101100101010101100101001000010001011010100001001101101001
000011010011011100010000011011000010101000001101010000001010101101100101100001100001010100011010
100100101100101010101100011100100010100001010101101011011001100100011100010010010001001010010100
000001100001010101101100011011001001000000010011011001000010001010001010101011101010011101011001
100101100000011010000001000011010000100001010000001010011011101001100101000011010000100100001010
