000000010010000000011011001010100100011010010100000010010001101100000001000010100101000001011001011100010011001100001010101011100011001010000010011011011100101000101100001001010000010010100101101100010011101100011101100101010001011010100001100001101010001010100000000010101001100011011101010001101000101000101101100100011000011000101001100011100101001100010000011000010100101100100101
000010101010100101011100100100100101001000010001011000100000100011011101010000001100001100101100000010010011010101001000101010101010101001100011011010011101010101011001001011100011011000100010011001011001010010001001101011011100101011010101011011100011011010011100100001001000001000001101010011001011010011000001011010100011011001010000010001001000101100010001101010001000100100100011
100101010100000000000000100100010010010001000010010011101011101001011011001010011101000000100000100100001001011010100000100100001010000101010000011011011000100100100001011100101101000011000101101000101101101010000001101010101000100100101010011001010011100011100010000010011101100000001000001101101011010001000011000001010001010000001100010000100001001000100001000101011101000000000011
010011100101010101011011000000001011000001101100011011001101000011001100001000010011011101001010011000001011010000000101000011010010001010011011011000011011001000010001100000010010000010101010101101011100011101000001011000101010001000100001010101001100100001011010011011010010011000011011010001100011001011001001000011010100010100100010011001011001100011001101011101100001100101010010
001000010011000101000101011010101011010011000010011010001010100011100100001101010000001100001011010100001010010100100000001000011011010000101100001001000101101010100001001001101001101001100000000000011100001101000100010101101011011100010010001011010010100101000001100011101100011001000001000101000100101010011010001001010000100010000010000000101011100001101000101000010001010100001011
101010010011000001100001000011011010101100100011101100000001010100100010101010101010000101011101000010101101011101100000011000010000101000010100100100101000101000011001101001011101100011101100100000101100011001011000000010010101100001011000010010010100100011101001010000001101010100100010000011101011100101011001000101000101001100000001010101011011011011000000010000000000101100100101
001010011010001010000010010011001000011010000011010101101010000011010000011011011011011001101000011000100001000100001001011000001000001011001100010010101001100001001010000010001001010010101011010101011011100010011100011100011001101001010100010100001101100101001010001001011010101100000010011101000101011010000000000101100101001101100000101001000000001001010101001011000011010010100010
010010101100000010001011001011001010101100101010010010101011001100000001011010101001000100000010001000001011100001010011000101011000101010001101000011000100001011000000000100010000000100011010010100100000001010010011000101001010101000011010000010010100001000101100011100010101000011100000010101011100011000000101000010011010011100100001011100010101011010100000100000101001100011000100
011101100101000101100100010000001001100011010011001010010101101101001010100000101000000100000001010011010000100001010000011000010101011011000000000000101011101001100100011011101101010101101011100011011011010100000010100011101101001010001000001001011000000100000101000100101011100010010011010010001101010010011011101010001010100100010100011000001000100011100011011101010001000100001010
001100010011010100101101101000010001001001100000001101000101011011011011000101001101000000010100000010100100010001101011000100100000010100000011000011010001001001101101010101001000010101010010011100011000001010101100101100001100010010101010011011000010101000101100010000101000101101100011100010010011001010001001000001000011100100101011011001001101001000001011001100101011101101011011
010101001101101001000001100000011011010101000011001011001001011000001100010011100000011010000011100101000101000010000011000010010100101001001000000010101010011000000101101010010001101011011010101001100000101001011010000011101100101100100000010000010101010000010010001001011000101000100000101100101000010101101011000000100100010011100010001100010011000001001011011011001001000001100100
100011001100011010101010000101101101010010011101101011010001010100011101101000000100011000011010011101010000011010101011011011000101101101101101011100010101000001101001010011010011011100010100000011000001011011011101101011000011101010001011101100011000001001101000101100100001011010100010001011001011010011010010101011001011001101101010100000010010100100001101011011101100100101001101
001011011011000101000101010000100101011011010011001001100100101000010101101001001010000101011001011101000011101011010010100011101101001100101001001011100100001011011001010101010000101101001001000011000100000010011001010010011000001101010000001000001101001101101100100101101000101011010100011011100101001011011000101001011000100011000011000000011101011010100011001100101011101010000001
010101011000000011101011100001101100001010010100101010001101000100101100100011101101011100000100001100001000000011101011100101010100000010010100001000011000000001010100001011011011011100001000100101000001001101100000001001010010000101010100101100001100100100010011101000100100010000011101000000001011011100000010001100100101001100100000000010101100101001101001101011001101010100100001
101010010011011001101100100000011000000001101011001101010100001011101000101100100000001001100100000101001101010100000010011100011011100100010001010001001100001001001000101100011001001100010000100000011000000000100011010101000011000010000101011000001011011101100011010011010011100011101100000101011101011101001010000101000011000010100101101010001100010010010101001011100010001011010101
101101101010010010010001001010001011100000101010011010001001001001011001010100101100100100100100101001000000101001101000101010101001001010011001011101011011000001010000010010011101000100101001011000101000010000010101001010011010011001100000101011011000100000101101001011100000100001101000000011000100100001001000100011010000000001001011101101011000001011101010101010000010010101000000
000100000101010010000101000010101001011100101011000010000000000001011010101011001100001011100011011010010011000011010100100101101000000011001010101010011000100000011010011011001010101010001001100000100100010101010011010010011000000001100010001100000100011010100000100101011000000001011001000010011010100001011011000100010001010000100100011001010010011010100000011101010101100011000000
011000001101101000000011101000000101001101000100100011001010101000010001100011100010010011011101100101100000000101000100000100100100101000000101100011000010000100011011011000101000100101011001000100001001010000101100010001101100100001010010101001101001100011011001100001101100001001001000101000001101010000101101100000101011100101010100011000001000010010000011011001101101011011010100
010001000001010001010000001000010011010101100000001100100101000100000011000100101100010000011010100011100001101000101101100101001010000101001000101001010101011001010100100100001000011101011011011010001100011011101000011011011001010001100001001011010001010100011001000011011000000101000010011101101101000000100001101001001000011101101000010000001100011010001101000010011000100010100000
011000100000011101001010000000001010010001011100001000101101101001010000011001101010001000001000010010101010011000101000010001000010010011101101101010000010001000001001000010011011000011010000010101011101001101010010010001010011101011000101101010011101001000010101100000101101001101000100101101011001001100000001000100100100010000010000101010101100000011000101100010011011001101001011
011101010011101010000101011010000100000011000100100101010011011101010100001101010010001010101001000000011010011001010001100100100010011011011100001000100010101010101000100000010011000100101011100011010100101010001100011100100101100001001011001000001010010101001001001000010101001101001001101011101001001001010100100000001010011001010010001001001000001010101000101001011010100001100001
001010010101010101100101011100001011010011010101010011101001011101011010100000100010000011011010101000010010011000011011010100001101001100001001011001011011010001010101000100011010000101101010100001011010010011011011100011011010011101000101100001001010100011001001100010010011100001101010100100000011001011101100101001000010011011011001000100100001000010100100101001001001001010010100
011000011100010010011010011001001000000010010010000000011101011101000001000001011100011001001011001101001010001000011010010100010010101101011010000011001011000011011100011000010101010001100010010001100011011001011010011100101000010011010101101000101000000100010101010100100101000101101100001100001100101101101100001101011000010011000010001010000011001100010100000010011011000001100101
010100000011011011001101010010011010000000011000010011100000010101100001000011101011011000101100101101000010101101101101000010010011000000101100101100001100010001010000010010101000010000100101001001100001011101011000010101101000000011010011100011000100100011010010000011101101010100010001101011011010101011001101100001010100101101010010100100011010000001010101100010100100000001100101
011001010100010010010100101000000101000101101000100000101001100100001000001101010011001101000101011101010101100000010010101001001100101010101100010101000100001101000101001000100001011001011101000101010000101010011010101100001010001000000010101000100011001001010001011101010011011011101101001010010010010011100101000001011100011010010001101101011011100100000010100001010000000100011100
101000000101011000000000101011100001100100100100000000100100101011101101000010001010001100011000011010101000011010010100010010001100010010100000001100000000010000011001100010001001010000010011010101100100001010101101100001011101100010100101010100000001100100000101000010011000010000000000000000001100001101101011001100001101000000000011001101101101010011011001010011011000100101011000
100000001000011011100010000011011011100100011001001011000000001000101000100101100100011011100010100000101001000101101101100101101001100010011101100000011101010000010001011101011100011100001010011000000101011101010100001001100101000010100010010101100011100001101010100011001011011000101100000000000100010100010101010011000100000001010010001101101101000010100101100011001011010010100100
100101011000001010000001000001101011011010001001101010011000001101101011001000010000011000100101000100010001011010001101101001101011001001101010100011011010001000101000000000000011100011101011101001100101001011010011011100010010010100001000000100101100001100100010010100100000001000001100001000000001000000101100011100001000010101001010001001011011010010010101000001001101010100011000
000000011011011000001100001101001010001000100001000010010011100100000010001011000101101011011100101010101101001011000000010011100101000011000000101101011000000000101001001100100010000100011100000101011101010011100100101000000010101000011010001010011010011101000001010010001011001010101011100001100100101001001000101101011001001010001000011011001101011010000101100000000011010010100100
001101000001101100000010011000101000100100000001011010101011011011001001001010000010100100000101010101001011001000010100100011100011101100010011010101010100010010000100100011100101001101011000010100011001101000011011010011000101101000100100101010101000001101001100001010011101100001001000100100010101000000000101001000011101011101000001001000001101000001001010100100100000011101100010
101010001001100101010101010011001001011001101010101001011001100001001101000000011101000001101010001100001011011101001000010011101100001011000001010010010000010101100101101001001000000011001000000101010101101011010011100101100101010101000100001001100000010100011011011100000001001000001010010100100011101000011001010000100101101100011000000001100010000000010001010010011001101010001100
011010010011100100101011100001010000101000001100100010011001000010101010001001000010011011011000001010101101000100101100101001101100100100000100001000000010011001011010000011011100101100100101010010101100001010011000000000000010010101010100011011101000001010001000010100010100011100100000101101100100000101100001100101010101101001011000101001000011000101001011010001100100101100101101
