101100100101100010000011000010100001101100011100000000011100101010101011000100010011010010001011
001101000011000011100100101101000101000101001010100100000010001010100000011011001100010011010000
101011011100001101010000000100010001010101001100001011001000000011101100000100010011100000100001
001100010011001010101100101011100101011010100101010100001000000011010010011010101010100100000100
101100010010000010001001100101000101100011011011001001010101010001011011010011000100000011010101
010000010001011100011101010001100001011010100011010001011000000101101100100010011000011010010011
001011001000101100010000001000100101001010010000011100011001100001011101010011001000000000010000
100010010011100100010001011011000000010010000000011101100011001101010000101000010010101000100000
011100100100000001010101001010100101000001001010100010011011101101001011011000010010000001000011
000010001011011100010011001000011010011001011010100010101100011101000100101101000010101001000101
101001000001000001001100100011010011011100011011000001001001100101001100001011011100001101001101
101010011101100011011101001001010010001011001011010010001100100101001010100101000010001001100000
010100000011011100011001001011101010101011010011001011101100000101000011011011100000010000011100
011100001101010101010101000001101010011010010000101000000101100100100000100000101000000100101100
100101100001100001000010101011011100000100000011101011011010010100011100001010000101010001011100
001010000001101100100100100011101100010101010000100000101001101000000101011000000101101001000011
011000000000101011101000001100000001001100000010000100010100000011010000101001010011100001000010
100001000010001010001000011000001010011101101001000101101011000001001101001100000000101101101011
000001000100101011010000010100011100011010001011010000101000000011011000001011100010001010011001
010101100100000101010101001000010101101101000101001100001010001011011011000101011011100001010011
101000011000101101100011001100100100000011011011011011101011000001100100100010001011101010001101
000010101000010001100100000100010011001001100100000001101000010001101100101101000101001100011100
000100000000101011010001011011001101011101011010010011000010100101100000011000100000101100100001
010000001010010010100100000000000000100010101100000100101010011010000001000010001010001000001010
010010101100001100101011101001011100001011001011011001101001011011010100101000011000100101010101
010100100010100010011000001001011001011100001010000010000010100100100000001000100001001011101101
011011000011010010011011010011001100100001101010100000101001101101000100101010000001101011010101
001100000001010101000011001000101011100011101101101000011101011010001010010010101001101011101010
010101010000010010000100001010000001011011000011000010011000011011010000001001000001010000010101
011011010001010010011000101000000010011001000011101101011010010000001010000101000011010101010010
010001101011011010000001100001011000101001011011000001000001010101001011000010001101101101000001
100101001000011001000000011011101010101100011010100011001010010001000000010001101011000100000011
011001100010001010000101000101001100011101000000001100001100010011001101000101010001000001001001
010000010100000010001001010011010101100000101000010010001011010001000100100010001001001101011101
001000001011100101011100001000101100010010011001001001101001101010000001001001101010010001000001
010010100011011101101010100000101001100011000000011001001100101100100011100001010101100010011100
000100001101001101001001001100010101101000001001011101100000011010000100000101010101010100000001
100101000010011011000001000100100010010001100010100011011011010100100100001010001011010011000000
011001100001000010101001100100011100010001010011001101010001010010101001100010101011011010101100
010000011010011101010011101000101000011010000001100000011000100000010011101000010101011010101011
101100100101000000000010000000011011011011101010100010010001001001001101100100010000001100100000
001000100001101000101000001011101100011101011000001011011011010000001101100101011001011000100100
010100100010101001000010001101011100100010010010010101001100011010010100001001011100010001001100
000011001100101010010000000011001011100101000100101000101011010011011100011011011010010011001100
100101011100101011001101001011000101000101100100010101101000010011100000101010001010011011001011
100010000101000010000011000100101011101101010000001001100001101001100010011011000011010010000101
101011101000010101010101010100100010001000100101010011011000010100000100010011101011001101011010
011100100101010011011000001100001000011010010101101010011010011001100011101100101010101010010001
010100010010011000011001101010001001000000001101101100001000011011010000100010100001011000010001
000100101001101100101000000000010011101000101011010000011010000011101001100101101101100001100001
010000100101010011001001010001101100101001100010100101101000101100100010101010100000000101000101
100010001101001011100011100011010100011011101010101010011010000101100011010011001011011100001010
011101010010001001010000010001001100001101010010010100001010101010000011100011011000011001011000
100001011001000001000011001001100000001100000011010011101101010010100010010011000001010001101001
000101001011011011011011000010011000010101101010011001001011100011001000001000101011101011000000
011000010011000001011010010000010001010011010001010010010000000001001011010011010010100011000011
100000011100001101000100000100010011101010100011101100001000100100010100101010001000010011100100
001100100011010011010000101000000011100011101010010010101101100010001100101001011101010011011101
000100011000101010100011100101000001100010010000001010100010101101011000010010011100100000011100
010011000101010001101000011010010001000100100010011010011000000101101010000011101011001100001001
010011100000000010100000000000011001100000011000101100000010000101010010000010001010100001100101
101001010101000011101000011010001100011001000001100101000000011010010000101101101101010000101101
010000100000001101010011001000100001011101010010100101000011011101011000001100101010000100011010
010101100101010001011001011001010000100101010010000011000000010011010010101001011011011000100010
010001100000001010101011011100011100000001000011100011100000000010001100010000100100011011101101
100010100100010001010101011011010010101001010010001010010011100011001000101100011010010010010001
011010010100011101100000101000100000000011001001101101011011011010101011001010001001011100000101
000001010001101101011100010000100010011011011100010000000001010001100101010011010101000010101000
011101101010101101011011100100001101011101000000101011001011001100000001101000101001100000101010
000000011011101010000011000010001100000010011010100101010101100001001101010010000100101010101011
001000100000000101000100010001101101101010010001101000101001011010101001000001100100001101000100
011010011100001001000010100100101000101100101011000101101000101000000101100010010010100010001011
011011101101011101100001011001000001101001001011000011101100000011011010001011011010101101101001
011101100100011000001000001001010001011010010100011000000000101001100001011101101001100001000000
011100101101000101000010100101000101010000011011000000000010000011010000101000100100001000100010
010101010010100001100101100101010001000011100011101100010100101011001100101101010001100100101010
010010101010000001101010101101001001001010011000011010000010001001010100001011000010000000100001
011000100010000100100000011101001010100100010000000100010010100001010010100010010011000101010011
100010000000101001101000011011011011101000101001000011100001010001010000101101011101100100000000
000100001001001010000101101101100010011010100001100100100100001100011101000000000011101000000101
100100001000001001011011011001001000011010100001100100010010011001011100101100010000101101101001
010100011010100100000000011101101010000101100101010010001000100000011010101010100010100000000000
000100000101000011001001010010000010101010000010100101000011011001011100010101001100011100101010
000100100101100101011000010011001101000100001101010100010000101100001001100010101011101000000011
010011011101001010010101101000000011010101010000010001100011100011101011001010000010101011000100
000001001101100010010000011000010000101000101100101011010100001101101100101101101000001101000100
011000010011000100011010100001000011001001011001010100011011100100101100000101000001000000011001
011000101010011011000100001000001101101001101010001011100100011011011000010100011011000001000100
101001101100100101011011101001100100010010000100000011100010101001001000101010010010011011001001
010101101001011001011101010010011010011001011001010001101010000001100011100101000000001000000001
010100010011001100100101000101001001000011100101100001000001000100100010010100100001100101100000
011001010101011000011101101011011011001000011000000001100010010010100011011010011001101100001101
100010100011011010011010001101001000101010100011011101011100011000000000000101000001010011011100
101101101101101000011011011101010011000010101011010101001001011101001101101001010011001010100000
010011000011100000000101101011100010001010011101101100000011000010000001011101101001000011010101
101011010010101101101000010101010011100001011100001001010011011101001000001000010001000011101100
001000010101011101100001011100010011101011000000100100010010011000000100101000010011101001011011
011000011100000011001101000011011001101100011011000001010001001011101101000001001101100100001100
100010011101000101101100100101101001101001000001011101010001011001010010001000101011010011010001
000010101001000011010010001011010000100000011000010011000101010000000101100100011010101011101000
001001101101000010101010001011011001100100011001100011100000010100100001001101000000000011101101
001101100001101101011100010010011101011000101011000000011000101100011010000000011001101101010101
001011101000010001001101101010000101100100001001100011011101101000011001010000100100011010010000
011010011011101100000010101000101000011011011001001100000001010001101001100001000011011011000000
001100100010101001011101001101001101100101010000010100101011000100100100010001001000101001000001
000100100001101100100001010000100011011001000000001000101011101011000001101000000000101010100100
101011000010100100000101011010100100100001100101000001001100101011010001100001101001000101010101
100010101000010010001001000100101001001000101100100100000101101000011010011011000101001011100010
000001100011011011011001100010001000000011000001000011101001101100011100100000010010100010101010
100010010000100010101100011101011000000001100001011010100101011100011100100010000001011001101010
100000100011101101011100100101100000101001010101101000100100010000010001001001011011011101010011
100010010001100101001100011101011000000011101010001000100100000101000011010000100101001000101001
101010011001010100011001101010010010100001010101100001010101001011010010001010000000010100001000
101100010000011000101000010001101011101011101000000011100101101100000010001011000101011100100010
100101011100011010011010011100101011011001000011010001000001001000100011011011100010000100001001
101000010000011000101010011100000000000011000100100000101010101100101100011010011101101010101000
000010100001001011100101000001001001100001001010000001011000000001001101101100101010000010010010
001010100100011011100011010000100010101001101000001000011001100101011010000001101011011001100001
100100001001000100100101000101011001100010101001010101001000101011000000101001001100001011001101
011101001000000011000100100101001011011010010101010101001011001001011010101010101100001001010101
000000101010010000010101010101011001000011101101101101100101100100001010011001101000011000001101
011001001000000010011100000001001100100000011000000011001101101010101100001100101000100100101101
000101001100000100011001101101000100000011011101000100100011100010100010000001010001000101011011
000100001011010011010001101010000010000101000011100010101010010000000000000011010001100101010010
001101100000101011010010000010001000011011101011101100100101100011011000010011001011010000000001
001011010001001101010101000101001101000000001101100000100100100101001101100101100000101101010001
100100100100100101100010001011001001001001010011000011011011010000001001010101010000001011010100
010101000100011001010001001010010010010101101101100001000101000010001100011101100100011010010011
